2.066956542968750000e+03
1.107289428710937500e+03
6.181110839843750000e+02
3.802300109863281250e+02
2.525830078125000000e+02
1.747424774169921875e+02
1.248115005493164062e+02
9.385275268554687500e+01
7.365927124023437500e+01
5.897840881347656250e+01
4.767913436889648438e+01
3.905181121826171875e+01
3.234286117553710938e+01
2.687274551391601562e+01
2.234804916381835938e+01
4.979333281517028809e-02
8.748404681682586670e-02
9.149135649204254150e-02
8.236904442310333252e-02
7.326236367225646973e-02
6.281172484159469604e-02
5.242141336202621460e-02
4.381649568676948547e-02
3.647717833518981934e-02
3.028815239667892456e-02
2.523134090006351471e-02
2.102123945951461792e-02
1.751916110515594482e-02
1.460111234337091446e-02
1.215564087033271790e-02
