2.066956542968750000e+03
1.107289428710937500e+03
6.181110839843750000e+02
3.802300109863281250e+02
2.525830078125000000e+02
1.747424774169921875e+02
1.248115005493164062e+02
9.385275268554687500e+01
7.365927124023437500e+01
5.897840881347656250e+01
4.767913436889648438e+01
3.905181121826171875e+01
3.234286117553710938e+01
2.687274551391601562e+01
2.234804916381835938e+01
1.862522125244140625e+01
1.554683399200439453e+01
1.299267387390136719e+01
1.087566566467285156e+01
9.115301132202148438e+00
7.647448062896728516e+00
6.421488761901855469e+00
5.395236492156982422e+00
4.534246921539306641e+00
3.810918807983398438e+00
3.202518701553344727e+00
2.690371751785278320e+00
2.258935451507568359e+00
1.895475029945373535e+00
1.589199185371398926e+00
